0 0.26171875 0.18854166666666666 0.1484375 0.2604166666666667
0 0.10703125000000001 0.7510416666666666 0.21406250000000002 0.21041666666666667
0 0.22421875000000002 0.734375 0.1921875 0.20208333333333334
0 0.10625000000000001 0.21979166666666666 0.18125000000000002 0.20625
0 0.38515625000000003 0.07083333333333333 0.09531250000000001 0.14166666666666666
0 0.31640625 0.3729166666666667 0.1203125 0.13333333333333333
0 0.29140625000000003 0.5552083333333333 0.15156250000000002 0.22708333333333333
0 0.23203125000000002 0.4354166666666667 0.1546875 0.17083333333333334
0 0.94140625 0.43645833333333334 0.11406250000000001 0.23124999999999998
0 0.9171875 0.234375 0.1625 0.25625
