0 0.49140625000000004 0.2708333333333333 0.1015625 0.2791666666666667
0 0.57421875 0.4583333333333333 0.1296875 0.25416666666666665
0 0.28203125 0.15416666666666667 0.1421875 0.30833333333333335
0 0.17421875 0.16041666666666665 0.18906250000000002 0.31666666666666665
0 0.78828125 0.378125 0.1390625 0.24791666666666667
0 0.06015625 0.10625 0.1203125 0.2125
0 0.47500000000000003 0.030208333333333334 0.09062500000000001 0.06041666666666667
0 0.05234375 0.2 0.1046875 0.2125
0 0.19687500000000002 0.03333333333333333 0.09375 0.06666666666666667
0 0.33125000000000004 0.035416666666666666 0.059375000000000004 0.07083333333333333
0 0.7992187500000001 0.29583333333333334 0.11093750000000001 0.10416666666666667
