0 0.32265625000000003 0.13541666666666666 0.1203125 0.26666666666666666
0 0.1796875 0.19479166666666667 0.15937500000000002 0.22708333333333333
0 0.171875 0.33541666666666664 0.14375000000000002 0.16666666666666666
0 0.9375 0.075 0.12187500000000001 0.15
0 0.15390625000000002 0.2375 0.1203125 0.13333333333333333
0 0.043750000000000004 0.5375 0.08750000000000001 0.25416666666666665
0 0.434375 0.06979166666666667 0.06875 0.13958333333333334
0 0.5953125 0.035416666666666666 0.059375000000000004 0.07083333333333333
0 0.96015625 0.146875 0.0765625 0.2895833333333333
0 0.51484375 0.014583333333333334 0.060937500000000006 0.029166666666666667
