0 0.20468750000000002 0.8510416666666667 0.17500000000000002 0.21041666666666667
0 0.22812500000000002 0.4041666666666667 0.15937500000000002 0.23333333333333334
0 0.35703125 0.7052083333333333 0.13593750000000002 0.19375
0 0.5453125 0.08854166666666667 0.08125 0.17708333333333334
0 0.18828125 0.5760416666666667 0.17343750000000002 0.19375
0 0.3328125 0.384375 0.1 0.12291666666666666
0 0.62421875 0.08958333333333333 0.0921875 0.17916666666666667
0 0.73828125 0.19375 0.1078125 0.30833333333333335
0 0.34609375000000003 0.48125 0.11093750000000001 0.09583333333333333
0 0.49062500000000003 0.8125 0.12812500000000002 0.16666666666666666
