0 0.33203125 0.7145833333333333 0.1265625 0.19583333333333333
0 0.43281250000000004 0.22083333333333333 0.1 0.32916666666666666
0 0.5328125 0.296875 0.10625000000000001 0.32708333333333334
0 0.7992187500000001 0.24583333333333332 0.13593750000000002 0.2916666666666667
0 0.2390625 0.15416666666666667 0.18125000000000002 0.30833333333333335
0 0.7234375000000001 0.19270833333333334 0.09375 0.29375
0 0.1375 0.2708333333333333 0.234375 0.24583333333333332
0 0.6453125000000001 0.15104166666666666 0.09375 0.3020833333333333
0 0.06640625 0.503125 0.1328125 0.21458333333333332
0 0.13046875 0.15 0.2078125 0.2916666666666667
0 0.45546875000000003 0.696875 0.11093750000000001 0.16875
