0 0.7601562500000001 0.25104166666666666 0.1265625 0.28125
0 0.14453125 0.740625 0.2171875 0.18958333333333333
0 0.4625 0.5947916666666666 0.109375 0.14791666666666667
0 0.26015625000000003 0.5010416666666666 0.1484375 0.19791666666666666
0 0.5906250000000001 0.24375 0.12187500000000001 0.2833333333333333
0 0.0921875 0.5072916666666667 0.184375 0.23124999999999998
0 0.546875 0.834375 0.1125 0.20208333333333334
0 0.5828125000000001 0.471875 0.125 0.2520833333333333
0 0.38515625000000003 0.4145833333333333 0.1453125 0.21666666666666667
0 0.28359375000000003 0.9354166666666667 0.18281250000000002 0.125
0 0.22265625 0.33958333333333335 0.1390625 0.17083333333333334
0 0.07500000000000001 0.16666666666666666 0.15000000000000002 0.24583333333333332
