0 0.09531250000000001 0.14166666666666666 0.19062500000000002 0.2833333333333333
0 0.09765625 0.328125 0.1953125 0.20208333333333334
0 0.6625000000000001 0.646875 0.13125 0.19375
0 0.7375 0.051041666666666666 0.084375 0.10208333333333333
0 0.33046875000000003 0.43854166666666666 0.16718750000000002 0.23541666666666666
0 0.390625 0.075 0.078125 0.15
0 0.25625000000000003 0.16979166666666667 0.115625 0.16041666666666665
0 0.30625 0.30416666666666664 0.13125 0.15
0 0.95703125 0.18854166666666666 0.08281250000000001 0.3770833333333333
0 0.31484375000000003 0.3697916666666667 0.13593750000000002 0.21041666666666667
