0 0.11484375000000001 0.6114583333333333 0.22968750000000002 0.17291666666666666
0 0.67734375 0.13333333333333333 0.09531250000000001 0.26666666666666666
0 0.178125 0.21354166666666666 0.15625 0.21041666666666667
0 0.546875 0.6552083333333333 0.10312500000000001 0.13541666666666666
0 0.33203125 0.4479166666666667 0.15781250000000002 0.21666666666666667
0 0.6804687500000001 0.640625 0.1234375 0.18125
0 0.3140625 0.8114583333333333 0.15000000000000002 0.14791666666666667
0 0.23515625 0.53125 0.16718750000000002 0.16666666666666666
0 0.3375 0.6697916666666667 0.1875 0.12291666666666666
0 0.6140625000000001 0.7041666666666666 0.1125 0.125
0 0.07578125000000001 0.16041666666666665 0.15156250000000002 0.29583333333333334
0 0.32656250000000003 0.36354166666666665 0.134375 0.21041666666666667
0 0.51171875 0.8104166666666667 0.1328125 0.1875
0 0.13828125 0.9395833333333333 0.1421875 0.10416666666666667
