0 0.82578125 0.7270833333333333 0.1953125 0.20833333333333334
0 0.7140625 0.60625 0.140625 0.2
0 0.578125 0.6739583333333333 0.078125 0.21458333333333332
0 0.09453125000000001 0.19479166666666667 0.18906250000000002 0.26875
0 0.225 0.41562499999999997 0.19062500000000002 0.17708333333333334
0 0.6890625 0.059375 0.09375 0.11875
0 0.32265625000000003 0.3020833333333333 0.1328125 0.1625
0 0.95078125 0.5708333333333333 0.09531250000000001 0.12083333333333333
0 0.33671875 0.3927083333333333 0.11093750000000001 0.15208333333333332
0 0.07187500000000001 0.07916666666666666 0.14375000000000002 0.15833333333333333
0 0.11015625000000001 0.309375 0.22031250000000002 0.18541666666666667
