0 0.109375 0.19166666666666665 0.21875 0.25416666666666665
0 0.55625 0.37083333333333335 0.09375 0.25
0 0.65 0.409375 0.10312500000000001 0.2520833333333333
0 0.39140625 0.721875 0.1328125 0.17708333333333334
0 0.5875 0.6354166666666666 0.109375 0.1625
0 0.6796875 0.5791666666666666 0.10625000000000001 0.175
0 0.6898437500000001 0.8385416666666666 0.13593750000000002 0.21875
0 0.62890625 0.029166666666666667 0.1203125 0.058333333333333334
0 0.8578125000000001 0.06979166666666667 0.18125000000000002 0.13958333333333334
0 0.9632812500000001 0.146875 0.0703125 0.29375
