0 0.29609375 0.23541666666666666 0.1703125 0.2583333333333333
0 0.30234375 0.5708333333333333 0.1453125 0.1625
0 0.61328125 0.7333333333333333 0.1203125 0.17083333333333334
0 0.6117187500000001 0.2947916666666667 0.1171875 0.30625
0 0.71015625 0.29375 0.11406250000000001 0.275
0 0.48281250000000003 0.8447916666666666 0.025 0.07708333333333334
0 0.69453125 0.059375 0.09531250000000001 0.11875
0 0.9476562500000001 0.21666666666666667 0.1015625 0.24166666666666667
0 0.7679687500000001 0.07604166666666666 0.1171875 0.15208333333333332
0 0.609375 0.027083333333333334 0.0625 0.05416666666666667
