0 0.14296875 0.440625 0.2390625 0.21041666666666667
0 0.09296875 0.12708333333333333 0.1859375 0.25416666666666665
0 0.56015625 0.084375 0.0921875 0.16875
0 0.43046875 0.04583333333333333 0.09843750000000001 0.09166666666666666
0 0.9453125 0.10104166666666667 0.10625000000000001 0.20208333333333334
0 0.051562500000000004 0.2552083333333333 0.10312500000000001 0.22708333333333333
0 0.6570312500000001 0.9125 0.1015625 0.1
0 0.95625 0.16458333333333333 0.084375 0.175
0 0.55390625 0.8875 0.1328125 0.22083333333333333
0 0.037500000000000006 0.15520833333333334 0.07500000000000001 0.21875
