0 0.6585937500000001 0.778125 0.1546875 0.17291666666666666
0 0.36484375 0.11354166666666667 0.1015625 0.22708333333333333
0 0.63203125 0.08125 0.1078125 0.1625
0 0.19609375 0.13854166666666667 0.1546875 0.27708333333333335
0 0.66328125 0.18541666666666667 0.11093750000000001 0.25
0 0.47890625000000003 0.21458333333333332 0.08281250000000001 0.2625
0 0.67578125 0.503125 0.07968750000000001 0.09375
0 0.28671875 0.12083333333333333 0.11093750000000001 0.24166666666666667
0 0.6117187500000001 0.4010416666666667 0.11093750000000001 0.22291666666666665
0 0.9453125 0.18541666666666667 0.10625000000000001 0.37083333333333335
0 0.55234375 0.225 0.08281250000000001 0.2625
0 0.6570312500000001 0.575 0.1015625 0.225
