0 0.5359375000000001 0.16041666666666665 0.11875000000000001 0.3208333333333333
0 0.42578125 0.12604166666666666 0.11093750000000001 0.2520833333333333
0 0.3203125 0.2 0.11875000000000001 0.2791666666666667
0 0.06484375 0.10416666666666667 0.1296875 0.20833333333333334
0 0.7234375000000001 0.465625 0.1375 0.20625
0 0.8640625000000001 0.4427083333333333 0.1625 0.28541666666666665
0 0.6765625000000001 0.8510416666666667 0.12187500000000001 0.22708333333333333
0 0.94453125 0.084375 0.1078125 0.16875
0 0.6687500000000001 0.11562499999999999 0.084375 0.23124999999999998
0 0.33515625000000004 0.090625 0.1234375 0.18125
0 0.05390625 0.24791666666666667 0.1078125 0.18333333333333332
0 0.21796875000000002 0.06458333333333333 0.11093750000000001 0.12916666666666665
0 0.11406250000000001 0.04375 0.13125 0.0875
0 0.5164062500000001 0.025 0.0671875 0.05
0 0.9796875 0.24895833333333334 0.037500000000000006 0.19375
