0 0.7312500000000001 0.37083333333333335 0.115625 0.2875
0 0.6218750000000001 0.2760416666666667 0.109375 0.32708333333333334
0 0.8046875 0.5427083333333333 0.134375 0.24375
0 0.49765625 0.9072916666666666 0.1203125 0.18125
0 0.47500000000000003 0.2895833333333333 0.109375 0.30833333333333335
0 0.171875 0.090625 0.16875 0.18125
0 0.95859375 0.14895833333333333 0.07968750000000001 0.28541666666666665
0 0.36562500000000003 0.7635416666666667 0.16562500000000002 0.12708333333333333
0 0.9671875000000001 0.2864583333333333 0.0625 0.19375
0 0.9476562500000001 0.07395833333333333 0.1015625 0.14375
0 0.5203125000000001 0.022916666666666665 0.053125000000000006 0.04583333333333333
0 0.46953125 0.015625 0.045312500000000006 0.03125
