0 0.57265625 0.675 0.1390625 0.225
0 0.68125 0.7520833333333333 0.140625 0.20416666666666666
0 0.46718750000000003 0.22708333333333333 0.10625000000000001 0.26666666666666666
0 0.06640625 0.14583333333333334 0.1328125 0.2791666666666667
0 0.14296875 0.13020833333333334 0.22968750000000002 0.2604166666666667
0 0.96796875 0.10416666666666667 0.060937500000000006 0.20833333333333334
0 0.34921875 0.08333333333333333 0.09843750000000001 0.16666666666666666
0 0.4421875 0.06666666666666667 0.08125 0.13333333333333333
0 0.18125000000000002 0.07395833333333333 0.15000000000000002 0.14791666666666667
0 0.7109375 0.03333333333333333 0.11875000000000001 0.06666666666666667
0 0.90234375 0.022916666666666665 0.0671875 0.04583333333333333
0 0.94296875 0.06458333333333333 0.11093750000000001 0.12916666666666665
