0 0.38203125000000004 0.653125 0.1328125 0.14791666666666667
0 0.11328125 0.5885416666666666 0.22031250000000002 0.17708333333333334
0 0.525 0.25416666666666665 0.096875 0.3
0 0.09609375 0.08958333333333333 0.1703125 0.17916666666666667
0 0.5078125 0.058333333333333334 0.084375 0.11666666666666667
0 0.94296875 0.065625 0.1078125 0.13125
0 0.23828125 0.109375 0.15156250000000002 0.21875
0 0.05078125 0.175 0.1015625 0.2708333333333333
0 0.021875000000000002 0.7291666666666666 0.043750000000000004 0.09166666666666666
0 0.9695312500000001 0.10208333333333333 0.0578125 0.19166666666666665
0 0.36875 0.21458333333333332 0.115625 0.2833333333333333
0 0.25625000000000003 0.9375 0.171875 0.11666666666666667
0 0.6101562500000001 0.9093749999999999 0.1046875 0.17708333333333334
0 0.23359375000000002 0.96875 0.0859375 0.058333333333333334
0 0.05625 0.38125 0.1125 0.14166666666666666
0 0.98359375 0.25729166666666664 0.029687500000000002 0.19375
0 0.2421875 0.24687499999999998 0.15625 0.22291666666666665
