0 0.31796875 0.18020833333333333 0.13593750000000002 0.31875
0 0.4265625 0.28854166666666664 0.11875000000000001 0.28541666666666665
0 0.06015625 0.40625 0.1203125 0.19583333333333333
0 0.4609375 0.159375 0.08750000000000001 0.31875
0 0.23046875 0.13645833333333332 0.11406250000000001 0.27291666666666664
0 0.1765625 0.3072916666666667 0.16875 0.29791666666666666
0 0.63203125 0.13854166666666667 0.09843750000000001 0.25625
0 0.9421875000000001 0.18645833333333334 0.1125 0.29375
0 0.13046875 0.15520833333333334 0.2609375 0.3104166666666667
0 0.9398437500000001 0.05 0.1171875 0.1
0 0.055468750000000004 0.09479166666666666 0.11093750000000001 0.18958333333333333
