0 0.4765625 0.31875 0.10312500000000001 0.29583333333333334
0 0.690625 0.22604166666666667 0.1 0.28541666666666665
0 0.13828125 0.796875 0.2390625 0.18125
0 0.51015625 0.12604166666666666 0.0890625 0.2520833333333333
0 0.51328125 0.5833333333333334 0.1390625 0.25
0 0.26796875000000003 0.4125 0.18281250000000002 0.20833333333333334
0 0.625 0.071875 0.08125 0.14375
0 0.4109375 0.765625 0.10312500000000001 0.15208333333333332
0 0.33203125 0.5864583333333333 0.1703125 0.16458333333333333
0 0.19687500000000002 0.540625 0.17500000000000002 0.22708333333333333
0 0.309375 0.9395833333333333 0.15937500000000002 0.11666666666666667
