0 0.19296875000000002 0.44479166666666664 0.1953125 0.22291666666666665
0 0.48515625 0.34375 0.1078125 0.24166666666666667
0 0.12578125 0.18958333333333333 0.1953125 0.2625
0 0.43593750000000003 0.48541666666666666 0.1125 0.20833333333333334
0 0.30703125000000003 0.8083333333333333 0.18281250000000002 0.17083333333333334
0 0.59140625 0.046875 0.0890625 0.09375
0 0.7039062500000001 0.42083333333333334 0.11406250000000001 0.1875
0 0.7210937500000001 0.035416666666666666 0.0671875 0.07083333333333333
0 0.2421875 0.09895833333333333 0.115625 0.19791666666666666
0 0.625 0.440625 0.084375 0.14791666666666667
0 0.9632812500000001 0.065625 0.0703125 0.13125
0 0.9773437500000001 0.18125 0.0421875 0.18333333333333332
