0 0.78125 0.5166666666666666 0.140625 0.2375
0 0.3171875 0.6427083333333333 0.1875 0.24791666666666667
0 0.415625 0.48854166666666665 0.125 0.23124999999999998
0 0.7562500000000001 0.775 0.125 0.17083333333333334
0 0.5921875 0.48333333333333334 0.096875 0.2125
0 0.53046875 0.346875 0.0734375 0.25625
0 0.35000000000000003 0.109375 0.096875 0.21875
0 0.21406250000000002 0.253125 0.19062500000000002 0.26875
0 0.7421875 0.24375 0.12187500000000001 0.3125
0 0.64765625 0.7208333333333333 0.11406250000000001 0.17916666666666667
