0 0.7234375000000001 0.15416666666666667 0.12187500000000001 0.30833333333333335
0 0.10234375000000001 0.24479166666666666 0.20468750000000002 0.24375
0 0.26406250000000003 0.2864583333333333 0.184375 0.23124999999999998
0 0.22187500000000002 0.675 0.19687500000000002 0.15833333333333333
0 0.446875 0.42083333333333334 0.12187500000000001 0.19583333333333333
0 0.37890625 0.509375 0.13593750000000002 0.17708333333333334
0 0.53828125 0.9197916666666667 0.09531250000000001 0.15625
0 0.6687500000000001 0.896875 0.134375 0.13541666666666666
0 0.24453125 0.45416666666666666 0.1390625 0.22916666666666666
0 0.27968750000000003 0.9291666666666667 0.234375 0.1375
