0 0.26328125 0.2760416666666667 0.18906250000000002 0.2604166666666667
0 0.321875 0.21145833333333333 0.12812500000000002 0.26458333333333334
0 0.2671875 0.8270833333333333 0.1875 0.14583333333333334
0 0.096875 0.10729166666666666 0.17500000000000002 0.21458333333333332
0 0.44375000000000003 0.396875 0.078125 0.22708333333333333
0 0.47578125000000004 0.190625 0.0890625 0.29791666666666666
0 0.596875 0.09375 0.10625000000000001 0.1875
0 0.96015625 0.13020833333333334 0.0765625 0.24375
0 0.79453125 0.11562499999999999 0.1390625 0.23124999999999998
0 0.43203125000000003 0.08020833333333333 0.08281250000000001 0.16041666666666665
0 0.9617187500000001 0.059375 0.0734375 0.11875
0 0.7234375000000001 0.059375 0.08750000000000001 0.11875
