0 0.30625 0.16145833333333334 0.14375000000000002 0.30625
0 0.48828125 0.3833333333333333 0.07968750000000001 0.19166666666666665
0 0.675 0.17604166666666665 0.10312500000000001 0.29375
0 0.2484375 0.75 0.20625000000000002 0.2
0 0.44375000000000003 0.15 0.096875 0.2875
0 0.04453125 0.10416666666666667 0.0890625 0.20833333333333334
0 0.059375000000000004 0.051041666666666666 0.11875000000000001 0.10208333333333333
0 0.9617187500000001 0.06354166666666666 0.0734375 0.12708333333333333
0 0.9632812500000001 0.17083333333333334 0.0703125 0.15416666666666667
0 0.984375 0.27708333333333335 0.028125 0.20416666666666666
