0 0.36171875000000003 0.525 0.1328125 0.19583333333333333
0 0.29531250000000003 0.31666666666666665 0.14375000000000002 0.23333333333333334
0 0.67109375 0.12708333333333333 0.1171875 0.25416666666666665
0 0.48515625 0.36354166666666665 0.0921875 0.3020833333333333
0 0.20468750000000002 0.10104166666666667 0.115625 0.20208333333333334
0 0.9578125000000001 0.125 0.08125 0.25
0 0.49921875000000004 0.6145833333333334 0.09843750000000001 0.17083333333333334
0 0.62421875 0.06770833333333333 0.07968750000000001 0.13541666666666666
0 0.96484375 0.06770833333333333 0.0671875 0.13541666666666666
0 0.96640625 0.026041666666666668 0.0578125 0.052083333333333336
0 0.04453125 0.04583333333333333 0.0890625 0.09166666666666666
