0 0.77265625 0.23958333333333334 0.1203125 0.2791666666666667
0 0.11640625 0.14375 0.2328125 0.2875
0 0.1953125 0.55 0.17500000000000002 0.20416666666666666
0 0.6195312500000001 0.5927083333333333 0.1015625 0.16041666666666665
0 0.26406250000000003 0.12083333333333333 0.146875 0.24166666666666667
0 0.5546875 0.9010416666666666 0.12187500000000001 0.19375
0 0.9640625 0.22916666666666666 0.06875 0.3541666666666667
0 0.6265625 0.865625 0.225 0.20625
0 0.2734375 0.8520833333333333 0.18125000000000002 0.2833333333333333
0 0.78671875 0.026041666666666668 0.0734375 0.052083333333333336
0 0.9773437500000001 0.0875 0.0421875 0.17083333333333334
