0 0.6726562500000001 0.42291666666666666 0.1265625 0.2875
0 0.24609375 0.4354166666666667 0.16718750000000002 0.2916666666666667
0 0.45390625 0.3052083333333333 0.11406250000000001 0.3145833333333333
0 0.56953125 0.12291666666666666 0.0890625 0.24583333333333332
0 0.23671875 0.7010416666666667 0.18906250000000002 0.3145833333333333
0 0.40468750000000003 0.5614583333333333 0.1375 0.13541666666666666
0 0.21406250000000002 0.9052083333333333 0.146875 0.17708333333333334
0 0.28359375000000003 0.875 0.1640625 0.13333333333333333
0 0.9703125 0.08541666666666667 0.05625 0.16666666666666666
0 0.59765625 0.8927083333333333 0.09531250000000001 0.14375
