0 0.7273437500000001 0.5875 0.1171875 0.2125
0 0.40156250000000004 0.18229166666666666 0.096875 0.3020833333333333
0 0.31093750000000003 0.14166666666666666 0.15937500000000002 0.2833333333333333
0 0.5484375 0.328125 0.11875000000000001 0.30625
0 0.1171875 0.09375 0.1625 0.1875
0 0.5453125 0.13958333333333334 0.078125 0.24583333333333332
0 0.5328125 0.8989583333333333 0.084375 0.15208333333333332
0 0.43359375 0.075 0.1046875 0.15
0 0.71796875 0.8447916666666666 0.1546875 0.21875
0 0.49453125000000003 0.10729166666666666 0.0671875 0.20625
