0 0.6531250000000001 0.5010416666666666 0.1125 0.23541666666666666
0 0.49062500000000003 0.3989583333333333 0.14375000000000002 0.27708333333333335
0 0.7796875000000001 0.4239583333333333 0.15937500000000002 0.28541666666666665
0 0.28125 0.11354166666666667 0.12812500000000002 0.22708333333333333
0 0.67734375 0.28020833333333334 0.11093750000000001 0.2604166666666667
0 0.5875 0.303125 0.1 0.25625
0 0.6570312500000001 0.09270833333333334 0.1015625 0.18541666666666667
0 0.7351562500000001 0.08541666666666667 0.1078125 0.17083333333333334
0 0.58359375 0.784375 0.1484375 0.18958333333333333
0 0.28828125 0.4166666666666667 0.11406250000000001 0.1625
0 0.1796875 0.44166666666666665 0.11875000000000001 0.2
0 0.3125 0.5385416666666667 0.1375 0.15208333333333332
