0 0.69140625 0.13958333333333334 0.11406250000000001 0.2791666666666667
0 0.5242187500000001 0.55 0.09843750000000001 0.2
0 0.16953125000000002 0.13125 0.1765625 0.2625
0 0.50546875 0.05416666666666667 0.08281250000000001 0.10833333333333334
0 0.09296875 0.17708333333333334 0.1859375 0.22083333333333333
0 0.95703125 0.1 0.08281250000000001 0.2
0 0.35781250000000003 0.665625 0.140625 0.18125
0 0.9546875 0.02395833333333333 0.0625 0.04791666666666666
0 0.553125 0.025 0.040625 0.05
0 0.8265625000000001 0.017708333333333333 0.046875 0.035416666666666666
0 0.078125 0.10104166666666667 0.15625 0.20208333333333334
0 0.97421875 0.2833333333333333 0.0484375 0.21666666666666667
