0 0.33437500000000003 0.1 0.13125 0.2
0 0.56953125 0.2635416666666667 0.09531250000000001 0.28125
0 0.18515625000000002 0.16770833333333332 0.1640625 0.26875
0 0.5046875000000001 0.128125 0.1 0.25625
0 0.9085937500000001 0.55 0.1796875 0.2
0 0.0765625 0.14583333333333334 0.153125 0.2833333333333333
0 0.33828125000000003 0.5041666666666667 0.1078125 0.2125
0 0.22421875000000002 0.475 0.1234375 0.23333333333333334
0 0.6484375 0.6635416666666667 0.125 0.16041666666666665
0 0.39921875 0.08958333333333333 0.0921875 0.17916666666666667
0 0.5164062500000001 0.8864583333333333 0.1015625 0.18958333333333333
0 0.15859375 0.08854166666666667 0.1703125 0.17708333333333334
0 0.971875 0.4770833333333333 0.053125000000000006 0.09166666666666666
0 0.96640625 0.13333333333333333 0.06406250000000001 0.26666666666666666
