0 0.22265625 0.2604166666666667 0.20468750000000002 0.21666666666666667
0 0.2890625 0.7177083333333333 0.14375000000000002 0.19375
0 0.52734375 0.5625 0.1546875 0.3
0 0.57421875 0.871875 0.1453125 0.2520833333333333
0 0.7078125000000001 0.16875 0.1875 0.2833333333333333
0 0.50625 0.840625 0.134375 0.21458333333333332
0 0.36953125000000003 0.8510416666666667 0.17343750000000002 0.29375
0 0.8914062500000001 0.16458333333333333 0.21406250000000002 0.275
0 0.040625 0.25416666666666665 0.08125 0.25
0 0.7054687500000001 0.8979166666666667 0.1265625 0.2
0 0.08046875 0.5958333333333333 0.11093750000000001 0.17916666666666667
