0 0.22265625 0.2604166666666667 0.20468750000000002 0.2125
0 0.29453125 0.7197916666666666 0.1328125 0.20625
0 0.08671875000000001 0.578125 0.1015625 0.18125
0 0.5484375 0.16145833333333334 0.19687500000000002 0.3145833333333333
0 0.56796875 0.86875 0.07968750000000001 0.2583333333333333
0 0.32890625 0.86875 0.1296875 0.21666666666666667
0 0.68671875 0.684375 0.1234375 0.41875
0 0.02734375 0.3375 0.0546875 0.1125
0 0.025781250000000002 0.1875 0.051562500000000004 0.10833333333333334
0 0.328125 0.9520833333333333 0.125 0.09166666666666666
0 0.58984375 0.9458333333333333 0.1546875 0.10416666666666667
0 0.659375 0.946875 0.096875 0.10208333333333333
