0 0.22031250000000002 0.8312499999999999 0.16562500000000002 0.14166666666666666
0 0.32656250000000003 0.8770833333333333 0.18125000000000002 0.14583333333333334
0 0.06171875 0.29583333333333334 0.1234375 0.19583333333333333
0 0.20703125 0.20729166666666665 0.2109375 0.3229166666666667
0 0.49765625 0.14895833333333333 0.11406250000000001 0.26875
0 0.59765625 0.13958333333333334 0.0859375 0.2583333333333333
0 0.33515625000000004 0.5635416666666666 0.18281250000000002 0.18958333333333333
0 0.40156250000000004 0.528125 0.140625 0.28125
0 0.47968750000000004 0.48125 0.125 0.26666666666666666
0 0.95234375 0.178125 0.0921875 0.26458333333333334
0 0.7507812500000001 0.04583333333333333 0.0734375 0.07916666666666666
