0 0.10703125000000001 0.25 0.21406250000000002 0.24583333333333332
0 0.43671875000000004 0.34479166666666666 0.1234375 0.27708333333333335
0 0.4 0.46979166666666666 0.15625 0.29375
0 0.1921875 0.6114583333333333 0.215625 0.18541666666666667
0 0.27265625 0.7958333333333333 0.2109375 0.1375
0 0.6218750000000001 0.5375 0.10625000000000001 0.22916666666666666
0 0.7046875 0.8156249999999999 0.109375 0.19375
0 0.47890625000000003 0.928125 0.11406250000000001 0.13125
0 0.9359375000000001 0.49374999999999997 0.125 0.1875
0 0.96796875 0.23333333333333334 0.0578125 0.225
