0 0.0671875 0.309375 0.134375 0.20625
0 0.2921875 0.23854166666666665 0.184375 0.25625
0 0.309375 0.5697916666666667 0.18125000000000002 0.17291666666666666
0 0.5140625 0.8937499999999999 0.1375 0.20833333333333334
0 0.6140625000000001 0.7322916666666667 0.14375000000000002 0.19375
0 0.6156250000000001 0.29375 0.10625000000000001 0.31666666666666665
0 0.7171875000000001 0.29791666666666666 0.13125 0.26666666666666666
0 0.675 0.059375 0.06875 0.11875
0 0.75390625 0.07916666666666666 0.08281250000000001 0.15416666666666667
0 0.9343750000000001 0.16770833333333332 0.12187500000000001 0.20625
0 0.94296875 0.24687499999999998 0.1046875 0.21458333333333332
