0 0.2171875 0.3229166666666667 0.21250000000000002 0.30416666666666664
0 0.2765625 0.5083333333333333 0.1875 0.25
0 0.05390625 0.5270833333333333 0.1078125 0.225
0 0.19453125000000002 0.9260416666666667 0.2484375 0.14375
0 0.9453125 0.42604166666666665 0.10625000000000001 0.17291666666666666
0 0.85078125 0.06770833333333333 0.1203125 0.11875
0 0.58828125 0.14270833333333333 0.0890625 0.26458333333333334
0 0.49765625 0.14583333333333334 0.1078125 0.275
0 0.48515625 0.42083333333333334 0.1265625 0.2875
0 0.6015625 0.42604166666666665 0.11875000000000001 0.33958333333333335
