0 0.2546875 0.21145833333333333 0.19062500000000002 0.29791666666666666
0 0.3375 0.10729166666666666 0.1375 0.19791666666666666
0 0.73828125 0.21458333333333332 0.1203125 0.2708333333333333
0 0.321875 0.465625 0.15000000000000002 0.28541666666666665
0 0.45 0.6083333333333333 0.14375000000000002 0.22916666666666666
0 0.46953125 0.7760416666666666 0.11406250000000001 0.15208333333333332
0 0.675 0.7552083333333334 0.146875 0.18541666666666667
0 0.9632812500000001 0.109375 0.0703125 0.13541666666666666
0 0.96640625 0.22395833333333334 0.060937500000000006 0.14791666666666667
0 0.9640625 0.3260416666666667 0.06875 0.15208333333333332
