0 0.415625 0.3 0.1125 0.31666666666666665
0 0.2109375 0.10104166666666667 0.140625 0.18958333333333333
0 0.06484375 0.303125 0.1265625 0.23541666666666666
0 0.6492187500000001 0.21875 0.09531250000000001 0.3458333333333333
0 0.55078125 0.13645833333333332 0.1046875 0.2604166666666667
0 0.6328125 0.0375 0.07187500000000001 0.07083333333333333
0 0.91796875 0.046875 0.0921875 0.09375
0 0.9460937500000001 0.075 0.09843750000000001 0.14166666666666666
0 0.95625 0.159375 0.078125 0.14375
0 0.98046875 0.2583333333333333 0.035937500000000004 0.0875
0 0.9773437500000001 0.3645833333333333 0.0421875 0.075
