0 0.64375 0.6416666666666666 0.2 0.25
0 0.3140625 0.81875 0.209375 0.17083333333333334
0 0.0484375 0.521875 0.096875 0.22708333333333333
0 0.1703125 0.16145833333333334 0.23750000000000002 0.30625
0 0.9656250000000001 0.3177083333333333 0.065625 0.09375
0 0.23515625 0.041666666666666664 0.045312500000000006 0.0625
0 0.9789062500000001 0.21979166666666666 0.0328125 0.05625
0 0.9625 0.13333333333333333 0.065625 0.11666666666666667
0 0.93125 0.07291666666666667 0.07500000000000001 0.11666666666666667
0 0.8828125 0.036458333333333336 0.028125 0.052083333333333336
