0 0.09140625000000001 0.49166666666666664 0.1765625 0.2875
0 0.31796875 0.9239583333333333 0.24531250000000002 0.13958333333333334
0 0.21250000000000002 0.203125 0.225 0.3020833333333333
0 0.27734375 0.1375 0.18281250000000002 0.2625
0 0.06640625 0.09895833333333333 0.1296875 0.18958333333333333
0 0.659375 0.12604166666666666 0.12812500000000002 0.23958333333333334
0 0.73203125 0.146875 0.08281250000000001 0.2895833333333333
0 0.915625 0.029166666666666667 0.065625 0.04583333333333333
0 0.98046875 0.29375 0.0328125 0.09166666666666666
0 0.9640625 0.19791666666666666 0.06875 0.12083333333333333
0 0.94921875 0.090625 0.09531250000000001 0.16875
0 0.9476562500000001 0.04375 0.0546875 0.075
0 0.64375 0.9354166666666667 0.15000000000000002 0.125
