0 0.36875 0.4083333333333333 0.125 0.2833333333333333
0 0.478125 0.4395833333333333 0.096875 0.24166666666666667
0 0.7421875 0.19375 0.11875000000000001 0.30833333333333335
0 0.59921875 0.921875 0.0921875 0.14791666666666667
0 0.047656250000000004 0.5354166666666667 0.0921875 0.15
0 0.09843750000000001 0.15625 0.1625 0.20416666666666666
0 0.36015625 0.10625 0.1046875 0.15833333333333333
0 0.98359375 0.390625 0.029687500000000002 0.08541666666666667
0 0.9578125000000001 0.2791666666666667 0.078125 0.14166666666666666
0 0.97265625 0.14270833333333333 0.051562500000000004 0.08125
0 0.96015625 0.08125 0.0734375 0.10833333333333334
