0 0.2328125 0.5291666666666667 0.21250000000000002 0.2791666666666667
0 0.36015625 0.54375 0.15781250000000002 0.24583333333333332
0 0.27109375 0.9177083333333333 0.20468750000000002 0.16041666666666665
0 0.66328125 0.042708333333333334 0.035937500000000004 0.06875
0 0.9234375 0.029166666666666667 0.078125 0.0375
0 0.94921875 0.10729166666666666 0.09843750000000001 0.17291666666666666
0 0.978125 0.203125 0.037500000000000006 0.11875
0 0.978125 0.27708333333333335 0.03125 0.05
0 0.9867187500000001 0.3541666666666667 0.0234375 0.029166666666666667
0 0.9906250000000001 0.4666666666666667 0.015625 0.04583333333333333
