0 0.046875 0.3104166666666667 0.09375 0.175
0 0.62421875 0.021875 0.0890625 0.03958333333333333
0 0.32890625 0.3572916666666667 0.1296875 0.3229166666666667
0 0.3125 0.6166666666666667 0.153125 0.2125
0 0.31796875 0.8375 0.1703125 0.20833333333333334
0 0.9617187500000001 0.08541666666666667 0.0703125 0.1125
0 0.98359375 0.27708333333333335 0.029687500000000002 0.07083333333333333
0 0.9695312500000001 0.16875 0.0578125 0.07083333333333333
0 0.55 0.559375 0.14375000000000002 0.19375
0 0.4859375 0.79375 0.12812500000000002 0.17083333333333334
