0 0.71015625 0.9 0.1859375 0.14583333333333334
0 0.546875 0.928125 0.115625 0.13541666666666666
0 0.5375 0.590625 0.11875000000000001 0.17291666666666666
0 0.33984375 0.93125 0.1953125 0.11666666666666667
0 0.140625 0.9416666666666667 0.18125000000000002 0.1125
0 0.10078125 0.7104166666666667 0.18906250000000002 0.15416666666666667
0 0.06484375 0.5239583333333333 0.1296875 0.18125
0 0.10546875 0.184375 0.2109375 0.29791666666666666
0 0.753125 0.090625 0.07187500000000001 0.15208333333333332
0 0.9703125 0.196875 0.05625 0.11458333333333333
0 0.9796875 0.3375 0.037500000000000006 0.12916666666666665
