0 0.515625 0.21666666666666667 0.09062500000000001 0.29583333333333334
0 0.44062500000000004 0.315625 0.1 0.29791666666666666
0 0.2921875 0.315625 0.07187500000000001 0.15625
0 0.27890625 0.2895833333333333 0.029687500000000002 0.07916666666666666
0 0.34453125 0.2604166666666667 0.045312500000000006 0.16666666666666666
0 0.3671875 0.21145833333333333 0.034375 0.18958333333333333
0 0.146875 0.15833333333333333 0.05625 0.12083333333333333
0 0.8109375000000001 0.23645833333333333 0.034375 0.09791666666666667
0 0.8140625 0.3104166666666667 0.034375 0.15
0 0.8890625000000001 0.3385416666666667 0.07187500000000001 0.19375
